waiting for 2 second sample...
#<----CPU[HYPER]-----><----------Disks-----------><----------Network---------->
#cpu sys inter  ctxsw KBRead  Reads KBWrit Writes   KBIn  PktIn  KBOut  PktOut 
   1   0   543   1681      0      0      0      0      0      0      0       0 
   2   0   661   2378      0      0      0      0      0      0      0       0 
   2   0   616   1890      0      0     24      1      0      0      0       0 
   0   0   431   1001      0      0      0      0      0      0      0       0 
   6   1  1260   5051      0      0      0      0      0      0      0       0 
   2   0   983   2196      0      0     96      3      0      0      0       0 
   3   0   837   2920      0      0      0      0      0      0      0       0 
   3   0   830   2859      0      0      0      0      0      0      0       0 
   7   0  1139   3317      0      0    380      3      0      0      0       0 
   0   0   568   1378      0      0      0      0      0      0      0       0 
   1   0   644   1537      0      0      0      0      0      0      0       0 
   4   0  1356   2690      0      0     36      1      0      0      0       0 
   1   0   997   2215      0      0    352      1      0      0      0       0 
   2   0  1258   2570      0      0      0      0      0      0      0       0 
   2   0   735   1839      0      0     26      1      0      0      0       0 
   6   0   847   1992      0      0     86     17      0      0      0       0 
   5   0   733   1747      0      0      0      0      0      0      0       0 
  10   0   960   2201      0      0     16      3      0      0      0       0 
  10   0   909   2000      0      0      0      0      0      0      0       0 
  12   0  1004   2308      0      0      0      0      0      0      0       0 
